32 31
0 1 2 3 4 5 6 7 8 9 10 31 12 13 14 15 16 17 18 19 20 21 22 23 24 25 26 27 28 29 30 11
0 1 2 3 25 5 6 7 8 9 10 11 12 13 14 15 16 17 18 19 20 21 22 23 24 4 26 27 28 29 30 31
0 1 2 3 31 5 6 7 8 9 10 25 12 13 14 15 16 17 18 19 20 21 22 23 24 11 26 27 28 29 30 4
0 1 2 3 4 5 6 7 8 9 22 11 12 13 14 15 16 17 18 19 20 21 10 23 24 25 26 27 28 29 30 31
0 1 2 3 4 5 6 7 8 9 10 11 26 13 14 15 16 17 18 19 20 21 22 23 24 25 12 27 28 29 30 31
0 1 2 3 4 5 6 7 8 9 12 11 10 13 14 15 16 17 18 19 20 21 26 23 24 25 22 27 28 29 30 31
0 1 2 3 26 5 6 7 8 9 11 10 25 13 14 15 16 17 18 19 20 21 31 23 24 12 4 27 28 29 30 22
0 1 2 3 4 5 6 7 8 9 10 11 12 27 14 15 16 17 18 19 20 21 22 23 24 25 26 13 28 29 30 31
0 1 2 3 4 5 6 7 8 9 10 11 12 13 14 15 28 17 18 19 20 21 22 23 24 25 26 27 16 29 30 31
0 1 2 3 4 5 6 7 8 9 10 11 12 16 14 15 13 17 18 19 20 21 22 23 24 25 26 28 27 29 30 31
0 1 2 3 4 5 6 7 8 19 10 11 12 13 14 15 16 17 18 9 20 21 22 23 24 25 26 27 28 29 30 31
0 1 2 3 4 5 21 7 8 9 10 11 12 13 14 15 16 17 18 19 20 6 22 23 24 25 26 27 28 29 30 31
0 1 2 3 4 5 19 7 8 21 10 11 12 13 14 15 16 17 18 6 20 9 22 23 24 25 26 27 28 29 30 31
0 1 2 3 4 5 28 7 8 13 10 11 12 9 14 15 21 17 18 27 20 16 22 23 24 25 26 19 6 29 30 31
0 1 2 3 16 5 12 7 8 22 19 27 6 31 14 15 4 17 18 10 20 26 9 23 24 28 21 11 25 29 30 13
0 1 2 3 4 5 6 7 20 9 10 11 12 13 14 15 16 17 18 19 8 21 22 23 24 25 26 27 28 29 30 31
0 1 2 3 4 5 6 7 8 9 10 11 12 13 14 17 16 15 18 19 20 21 22 23 24 25 26 27 28 29 30 31
0 1 2 3 4 5 6 7 15 9 10 11 12 13 14 8 16 20 18 19 17 21 22 23 24 25 26 27 28 29 30 31
0 18 2 3 4 5 6 7 8 9 10 11 12 13 14 15 16 17 1 19 20 21 22 23 24 25 26 27 28 29 30 31
0 1 29 3 4 5 6 7 8 9 10 11 12 13 14 15 16 17 18 19 20 21 22 23 24 25 26 27 28 2 30 31
0 2 1 3 4 5 6 7 8 9 10 11 12 13 14 15 16 17 29 19 20 21 22 23 24 25 26 27 28 18 30 31
0 20 17 3 4 5 6 7 18 9 10 11 12 13 14 29 16 2 8 19 1 21 22 23 24 25 26 27 28 15 30 31
0 1 2 3 4 5 6 7 8 9 10 11 12 13 14 15 16 17 18 19 20 21 22 23 30 25 26 27 28 29 24 31
0 1 2 7 4 5 6 3 8 9 10 11 12 13 14 15 16 17 18 19 20 21 22 23 24 25 26 27 28 29 30 31
0 1 2 30 4 5 6 24 8 9 10 11 12 13 14 15 16 17 18 19 20 21 22 23 7 25 26 27 28 29 3 31
0 1 2 3 4 23 6 7 8 9 10 11 12 13 14 15 16 17 18 19 20 21 22 5 24 25 26 27 28 29 30 31
14 1 2 3 4 5 6 7 8 9 10 11 12 13 0 15 16 17 18 19 20 21 22 23 24 25 26 27 28 29 30 31
23 1 2 3 4 14 6 7 8 9 10 11 12 13 5 15 16 17 18 19 20 21 22 0 24 25 26 27 28 29 30 31
3 1 2 0 4 24 6 14 8 9 10 11 12 13 7 15 16 17 18 19 20 21 22 30 5 25 26 27 28 29 23 31
2 23 0 17 4 18 6 15 24 9 10 11 12 13 29 7 16 3 5 19 30 21 22 1 8 25 26 27 28 14 20 31
6 10 12 28 15 9 0 16 31 5 1 20 2 24 21 4 7 25 22 23 11 14 18 19 13 17 29 30 3 26 27 8
