16 15
0 1 2 3 4 5 6 7 10 9 8 11 12 13 14 15
0 1 3 2 4 5 6 7 8 9 10 11 12 13 14 15
0 1 10 8 4 5 6 7 3 9 2 11 12 13 14 15
0 4 2 3 1 5 6 7 8 9 10 11 12 13 14 15
7 1 2 3 4 5 6 0 8 9 10 11 12 13 14 15
4 7 2 3 0 5 6 1 8 9 10 11 12 13 14 15
3 10 7 0 8 5 6 2 4 9 1 11 12 13 14 15
0 1 2 3 4 5 6 7 8 9 10 14 12 13 11 15
0 1 2 3 4 5 6 7 8 9 10 11 12 15 14 13
0 1 2 3 4 5 6 7 8 9 10 15 12 14 13 11
0 1 2 3 4 5 9 7 8 6 10 11 12 13 14 15
0 1 2 3 4 12 6 7 8 9 10 11 5 13 14 15
0 1 2 3 4 9 12 7 8 5 10 11 6 13 14 15
0 1 2 3 4 13 11 7 8 14 10 6 15 5 9 12
12 9 13 15 6 7 4 5 11 1 14 8 0 2 10 3
